item_id:3	{4: '0.666667', 9: '0.666667'}
item_id:4	{9: '0.666667'}
